=== Model information ===

Filename:     NaiveBayes_FALSE_FALSE.model
Scheme:       weka.classifiers.bayes.NaiveBayes 
Relation:     AV2
Attributes:   17
              lettr
              x-box
              y-box
              width
              high
              onpix
              x-bar
              y-bar
              x2bar
              y2bar
              xybar
              x2ybr
              xy2br
              x-ege
              xegvy
              y-ege
              yegvx

=== Classifier model ===

Naive Bayes Classifier

                 Class
Attribute            A       B       C       D       E       F       G       H       I       J       L       M       N       O       P       Q       R       S       T       U       V       X       Z       K       W       Y
                (0.04)  (0.04)  (0.04)  (0.04)  (0.04)  (0.04)  (0.04)  (0.04)  (0.04)  (0.04)  (0.04)  (0.04)  (0.04)  (0.04)  (0.04)  (0.04)  (0.04)  (0.04)  (0.04)  (0.04)  (0.04)  (0.04)  (0.04)  (0.04)  (0.04)  (0.04)
===============================================================================================================================================================================================================================
x-box
  mean           3.3371  3.9856  4.0313  4.0236  3.7279  3.8323  4.0867  4.3311  2.2702  2.9705  3.4179  4.8952  4.5083  4.1142   4.269  4.0434  4.0699  4.1016  3.9962  4.5818  4.2709  4.0699  3.7371  4.5101  5.1689  4.1819
  std. dev.      1.5189  1.8284  1.7893  1.6802  1.5437  1.6772  1.6989  1.8816  1.8575   1.682  1.5747  2.0957  2.0397  1.7287  2.0149  1.7245  1.8005  1.7182  1.8563  1.9425   1.974  1.7856  1.7618  1.9145   2.172  2.0543
  weight sum        789     766     736     805     768     775     773     734     755     747     761     792     783     753     803     783     758     748     796     813     764     787     734     739     752     786
  precision           1       1       1       1       1       1       1       1       1       1       1       1       1       1       1       1       1       1       1       1       1       1       1       1       1       1

y-box
  mean           6.9759  6.9621  7.0639  7.2447   6.944   7.009  6.9884  6.8447  6.9801  6.7992  7.1288  6.9545  7.1737  7.1248  7.2192  6.4049  7.0422  7.4412  7.1256  7.0701  7.3246  7.1499  6.7643  7.3207  7.1569  6.7061
  std. dev.      3.3504  3.3917  3.3313  3.3349  3.1442  3.2375  3.3217  3.2587  3.4339  3.0585  3.3384  3.3677   3.417  3.2972   3.354  3.2355  3.3271  3.2721  3.2615  3.3207  3.3389  3.3462  3.1005  3.3624  3.3269  3.1593
  weight sum        789     766     736     805     768     775     773     734     755     747     761     792     783     753     803     783     758     748     796     813     764     787     734     739     752     786
  precision           1       1       1       1       1       1       1       1       1       1       1       1       1       1       1       1       1       1       1       1       1       1       1       1       1       1

width
  mean            5.128  5.0888  4.7011  5.1702  4.7565  4.8981  4.9884  5.7847  2.6318  3.9946  4.3561  6.6376  5.8033  4.8818  5.2989  4.9144  5.2269  5.0441  4.8204  5.3875  5.3325  5.6518  4.8787  5.9459  6.4867  5.2506
  std. dev.      1.5705  1.8906   1.564  1.7034  1.7953  1.8599  1.6439  2.2397  2.2285  1.7539  1.6302  2.5008  2.2742  1.6437  1.9284  1.7468   1.856  1.7007  1.5641  1.8415  1.5668  2.0015  1.7687  2.1706  2.0355  1.6752
  weight sum        789     766     736     805     768     775     773     734     755     747     761     792     783     753     803     783     758     748     796     813     764     787     734     739     752     786
  precision           1       1       1       1       1       1       1       1       1       1       1       1       1       1       1       1       1       1       1       1       1       1       1       1       1       1

high
  mean           5.1787  5.1697  5.2962  5.2882  5.2018   5.209   5.282  5.1935  5.2093  5.6145   5.297  5.2753  5.3461  5.3333  5.5243  6.4087  5.2203  5.4505  5.1935  5.2423  5.3914  5.2681  5.6349  5.3735  5.3431  5.7366
  std. dev.      2.1789  2.2102   2.146  2.1227  2.1052  2.1903   2.166  2.2173  2.3032  2.5483  2.1607  2.2122  2.0994  2.1936  2.4194  2.5559  2.1341  2.0466   2.142  2.1725  2.1519  2.1502  2.5706  2.1622  2.1448  2.7431
  weight sum        789     766     736     805     768     775     773     734     755     747     761     792     783     753     803     783     758     748     796     813     764     787     734     739     752     786
  precision           1       1       1       1       1       1       1       1       1       1       1       1       1       1       1       1       1       1       1       1       1       1       1       1       1       1

onpix
  mean           2.9911  4.5966  2.7758  4.0261  3.6797  3.1781  3.5666  4.2534  1.8252  2.3159  2.6491  5.2677  3.5645  3.5033   3.736  4.1367  4.1873  3.4866   2.858   3.326  2.8154  3.2135  3.2507  3.9811  4.8511  3.0573
  std. dev.      1.7832   2.208  1.7076  1.9839  1.8961  2.0571  2.0548  2.2168  1.7167  1.6442  1.8253  2.7269  1.8564  1.9083  2.2196  2.1174  2.0964  2.0557   1.928  2.1248   2.016   1.819  1.6801  2.1468  2.6416  2.4361
  weight sum        789     766     736     805     768     775     773     734     755     747     761     792     783     753     803     783     758     748     796     813     764     787     734     739     752     786
  precision           1       1       1       1       1       1       1       1       1       1       1       1       1       1       1       1       1       1       1       1       1       1       1       1       1       1

x-bar
  mean           8.8517   7.671  5.4375  7.5391  5.9661  4.9135  6.8668  7.3447  7.4583  9.6653  4.8003  7.6414  7.0128  7.3413  6.2192  8.1609  7.1478  7.8115  6.4284  6.1169  6.0563  7.2529  7.5259  5.5927  6.0785  6.4364
  std. dev.      1.9576  1.1989  1.1581  1.6312  1.9281  2.5585  1.0028  1.1706  1.0975  2.1874  2.8976  1.6923  1.4656  0.7707  1.6633  0.9587  1.5209  1.0332  1.3171  1.6805  2.0659  1.2935  1.1736  1.9016  2.3093  2.0961
  weight sum        789     766     736     805     768     775     773     734     755     747     761     792     783     753     803     783     758     748     796     813     764     787     734     739     752     786
  precision           1       1       1       1       1       1       1       1       1       1       1       1       1       1       1       1       1       1       1       1       1       1       1       1       1       1

y-bar
  mean           3.6312  7.0627  7.6277  6.8062  7.3529 10.4542   6.586  7.3202  7.0358  5.6667  3.5926  6.4078  7.9527  6.9655  9.9552  6.8084  8.1227  6.9452 11.3693   6.936 10.1361  7.1715  7.1253  7.0704  9.2141  9.4962
  std. dev.        1.86  0.8404  0.9412  0.9508  0.8656  1.8617  1.0751  1.1494  0.9406  2.1082  1.9344  1.4272  1.1443  0.9649  1.8594  1.8464  1.5062  1.4702   2.215  1.6196  1.8771  0.7074  1.2852  0.9073  1.5897  1.6936
  weight sum        789     766     736     805     768     775     773     734     755     747     761     792     783     753     803     783     758     748     796     813     764     787     734     739     752     786
  precision           1       1       1       1       1       1       1       1       1       1       1       1       1       1       1       1       1       1       1       1       1       1       1       1       1       1

x2bar
  mean           2.7554  5.3668   5.928  5.9217   4.224  3.4761  5.9664   6.703  1.9404   3.921  3.4507  6.0417  6.6296  7.1408  5.3636  6.0805  5.3734  4.5963  2.5565  7.2829  3.4843  2.6785  3.4305  3.8227   3.488  2.5992
  std. dev.      1.3099   2.132  1.3609  2.2782  1.6431  1.3165  1.1716  4.3365  1.8665  2.4419  1.9529  3.4045  4.3167  1.2661  2.0198  1.4855  2.1171   1.593  1.6626  3.4479  1.1638  1.2285  1.3018  2.2836  1.3507   1.631
  weight sum        789     766     736     805     768     775     773     734     755     747     761     792     783     753     803     783     758     748     796     813     764     787     734     739     752     786
  precision           1       1       1       1       1       1       1       1       1       1       1       1       1       1       1       1       1       1       1       1       1       1       1       1       1       1

y2bar
  mean           2.0431  5.5718   7.178  6.5081  7.5859  4.8865  5.3376  4.2807  5.9735   5.087  6.6426  3.2702  3.7356  4.7915  3.4608   3.908  4.6227  6.2955  6.5151  5.9373  3.0249  6.7954  9.1962  5.3275  2.2261   4.729
  std. dev.       1.268  1.0716  1.9053  1.2665  2.1837  1.1816  1.8073  2.2525  1.6019  1.3833   1.495  1.6408  1.5871  1.5393  1.5725   1.915  1.1871  1.9818  1.2231  1.4383  1.0159  1.9847  2.9771  2.0844  1.0937  2.2781
  weight sum        789     766     736     805     768     775     773     734     755     747     761     792     783     753     803     783     758     748     796     813     764     787     734     739     752     786
  precision           1       1       1       1       1       1       1       1       1       1       1       1       1       1       1       1       1       1       1       1       1       1       1       1       1       1

xybar
  mean           7.8023  7.9543  8.7731  8.1665  8.5078 11.2426  7.4295   8.045  9.4768 12.1687  4.9593  7.4785  7.3729  7.9057 10.4359   6.802  7.6913  8.1671  8.8204  7.5486  7.8181   7.972  9.2248  8.2179  7.5745  7.8982
  std. dev.      1.7481  1.6468  2.1854  1.8515  2.0013  1.6742  1.6883  1.4753  2.9799  2.3275  3.8064  1.5945  2.5429  1.2834  1.8651   1.912  1.3877  2.4631  2.4183  2.0352  1.8411  1.9041  2.1087  1.7041  1.4704  2.2828
  weight sum        789     766     736     805     768     775     773     734     755     747     761     792     783     753     803     783     758     748     796     813     764     787     734     739     752     786
  precision           1       1       1       1       1       1       1       1       1       1       1       1       1       1       1       1       1       1       1       1       1       1       1       1       1       1

x2ybr
  mean           2.3384  5.5065  7.4946  5.1118  6.2422   7.831  6.1578  5.8992  5.7974   4.664  2.5453  6.8131  5.9068  5.8685  5.9091  6.3487  4.3206   5.607  9.3166    9.69 10.9424  6.1614  5.8351  6.2057  8.4415 10.5471
  std. dev.      1.8732  0.9222  1.4689   1.224  1.1842  1.9599  1.0662  1.5662  0.8488  1.6673  2.2547  2.1422  1.8789  1.1501  1.4353  1.6477  1.1119  1.5558  1.6701  2.4439  1.9788  1.8435  1.1713    2.13  1.3266  1.7578
  weight sum        789     766     736     805     768     775     773     734     755     747     761     792     783     753     803     783     758     748     796     813     764     787     734     739     752     786
  precision           1       1       1       1       1       1       1       1       1       1       1       1       1       1       1       1       1       1       1       1       1       1       1       1       1       1

xy2br
  mean           8.4651  6.6527  11.947  5.7503 10.3411  5.7239   9.586  7.8011   7.649  8.9585  8.1656  8.1654  7.3282  8.0133  4.1918  9.2299  7.6135  7.5762  6.7073  8.5289  7.6505  7.9416  7.9305  9.8336  7.8019  7.1183
  std. dev.      1.2283  0.8486  1.7387  1.1501  2.2881  1.4471  1.5443  0.9257  1.1759  2.3524  2.3135   1.262   1.558  1.0586  1.5352  1.1942  0.9798  1.1285  1.8603  0.9163  1.0421  0.9925  0.9914  1.4726  0.6798   1.397
  weight sum        789     766     736     805     768     775     773     734     755     747     761     792     783     753     803     783     758     748     796     813     764     787     734     739     752     786
  precision           1       1       1       1       1       1       1       1       1       1       1       1       1       1       1       1       1       1       1       1       1       1       1       1       1       1

x-ege
  mean           2.7719  3.1175  1.9918  3.3652  2.1276  1.7368  2.8331  3.8624  0.5377  1.1058  1.1064   8.154  5.4483  3.3811  2.1868  3.1418   3.624   1.877  1.6005  3.7897  3.2866  2.9428  1.2371  4.0298  7.5971   2.131
  std. dev.      1.3505  1.8365  1.6109  1.2808  1.6518  1.6665  1.8125  1.4788  1.1678  1.2825  1.6732  1.8447  0.9979  1.6857  1.9102  1.2105  1.6533  1.3791  1.4532  1.6175  1.5688  0.8454  1.0929  1.4158  1.6826  1.7119
  weight sum        789     766     736     805     768     775     773     734     755     747     761     792     783     753     803     783     758     748     796     813     764     787     734     739     752     786
  precision           1       1       1       1       1       1       1       1       1       1       1       1       1       1       1       1       1       1       1       1       1       1       1       1       1       1

xegvy
  mean           6.3219  7.9191  8.8764  7.8137  8.2982  9.1174    8.37  8.0477  8.0662  6.9277  7.3916  6.1351   8.447  8.0956   9.792  8.3333  6.9551  8.2005  9.6859  8.7995 10.2448  8.1537  8.0259  7.6996  10.375 10.6107
  std. dev.      1.2395  0.8975  1.0106   0.751  0.7829   0.916  1.0887  0.8572  0.4838  0.9271  1.2246  1.8211  0.8995   0.702  0.7025  1.4683  0.9857  1.0797  1.6147  0.8902  0.9567  1.0767  0.7869  1.1141  1.2464  0.8046
  weight sum        789     766     736     805     768     775     773     734     755     747     761     792     783     753     803     783     758     748     796     813     764     787     734     739     752     786
  precision           1       1       1       1       1       1       1       1       1       1       1       1       1       1       1       1       1       1       1       1       1       1       1       1       1       1

y-ege
  mean           2.8758  6.6123  4.0802  3.9714  6.0221  3.3213  5.1462  3.0954  2.1417  1.9264  2.4809  2.1073  1.4585  3.6308  3.8792  5.3563  5.1266  7.0374  2.2776  1.7405  1.5955  4.8424  7.1526  4.0812  1.5944  2.7748
  std. dev.      1.6453  1.6182  1.4974   1.708  1.4872  2.1321  1.4744   2.405  2.2369  2.7161  2.4056  1.9161  1.7362  1.0621  1.2691  1.5715  1.2758  2.4415  2.2942  1.7445  1.9021  1.8379  1.6362  1.8507  2.0097   2.646
  weight sum        789     766     736     805     768     775     773     734     755     747     761     792     783     753     803     783     758     748     796     813     764     787     734     739     752     786
  precision           1       1       1       1       1       1       1       1       1       1       1       1       1       1       1       1       1       1       1       1       1       1       1       1       1       1

yegvx
  mean           7.4689  9.1005  8.5557  7.6286  8.5065  6.7123   9.216  7.8583  7.9311  7.4163  7.6518  7.5189  7.0434  7.8725  7.7049  8.9451   9.471  7.8717  6.3003  6.9065   7.801  7.6569  7.6144  8.8187  7.1423   6.355
  std. dev.      1.4878  1.2883  1.3562  1.3531  1.5445  1.4779  1.3577  1.0629   0.959  1.2132  1.4967  1.2256  1.2658  0.9043  1.0883  1.5156  1.7225  1.7701  1.7099  1.4345  0.8264  1.0401  1.2807  1.8742  1.2933   1.841
  weight sum        789     766     736     805     768     775     773     734     755     747     761     792     783     753     803     783     758     748     796     813     764     787     734     739     752     786
  precision           1       1       1       1       1       1       1       1       1       1       1       1       1       1       1       1       1       1       1       1       1       1       1       1       1       1


